2 590 9 2797 7 24 2 1209 8 99 64 9535 5 11 67 8 248 7 74 4 4425 56 3160 36 1494 2710 3 15856 1809 9541 43 885 15854 1
2 3650 2243 9550 6 64 2 4333 6 2 3154 4465 9 41 1098 11 4 9522 6 785 61 26 4471 2578 1797 75 1000 859 8 4434 660 6 15855 6963 8 15853 1
42 22 252 33 7 193 7 2 98 7 38 131 3 6746 9 4 58 315 7 663 1
1394 13 103 393 3 21 1741 19 11 8 41 514 5 6745 4314 11 10 51 23 167 33 28 1
2 15 690 63 134 607 50 2 4483 4315 6 37 4316 56 114 48 38 4582 2 3534 1279 6 2 539 1
286 11 393 1174 6 255 5 3502 1
611 55 165 153 107 31 32 1629 15851 11 2 879 7 800 9 9604 16 58 1337 1
3097 333 12 4 3094 317 11 15852 34 2 3072 10 8 41 285 22 242 7 1021 10 1
14 67 996 1364 10 130 1
192 301 6 178 2750 286 4 1107 489 1157 6 2730 246 1
